3

11 22 17

2 5 4 

10 3
26 28 31 30 15
43 35 44 39

2 4 3

2	2 3
2	8 7

3	22 13 15
2	25 29
2	28 18
2	14 26

2	42 40
3	41 46 47
2	50 43

1 2 2
126

93 83
91 42
53 36

73  8  7
13 67  9
 6 43 10
 1 97  9
29  8  9
28 25 10
72 61  9
76 46  9
86 84  8
48 50  8
94 54  9
18 30  9
32 77  8
24 89  9
33 77 11
63 34 10
11  3  8
16 89 11
69 43 10
40 82 10
38 52 10
20 63  7
45 24 10
78 94 11
61 99  9
30 88 10
80 19 11
16 91  9
57 91 10
50 17 10
 2 78  7
32 91 10
97 33  7
86 71 10
27  5 10
35 29 13
76 85 10
51 36 13
66 29 14
54 70 14
71 55  9
42 65 11
35 74 13
41 85 12
23 57 10
64 47  9
80 39  9
57 36 12
29 15  9
 5 83  9