2

20 20

5 5 

3 4 12 14 15
32 40 22 26 31

3 3

3	10 18 17
3	15 9 3
3	4 8 12

3	26 31 40
3	28 36 39
3	21 24 29

2 2
181

80 37
98 75

34 20 14
76 69 17
54 56 14
84 92 16
61 88 17
 5 30 14
 3  5 15
98 90 18
24 62 16
90 19 15
93 68 13
95 78 16
75 74 12
66  8 16
14 77 15
98 66 13
72 11 15
78 32 16
14 31 13
48 21 12
34 76 15
19 22 14
44 21 17
30 47 16
96  7 17
 4 71 18
52 22 16
79 97 16
31 44 12
79 44 13
13 54 15
53  1 12
94 27 14
80 20 12
37  4 17
60 67 13
95 54 15
28 39 12
75 61 12
29 66 18