3

9 12 19

1 2 3 

8
13 15
28 37 39

1 2 4

2	3 4

3	13 14 10
3	21 16 17

3	30 22 25
3	26 36 33
3	28 27 24
3	23 32 39

1 1 2
123

52 48
17 85
54 20

43 29  9
20  4 11
70 32 10
63 22 11
50 12 10
47 56  9
67 99 10
 9 26 13
25 30  8
99 23  8
18 90 10
 6 68  7
86 53  7
63 64  7
11 86  7
76 27  7
56 36  8
37 39 10
69 12 10
66 10  7
68 33  9
74 53  9
 6 92 10
15 47 10
71 45  8
86 29 10
14 35 11
 9 14  9
19 70 11
65 54 12
94 79 10
10 84 12
78 52 12
11 78 12
59 80 10
78  8 10
16 60 12
60 28 10
 4 79 12
51 12  8