3

24 19 27

6 4 7 

6 9 10 12 18 24
32 25 28 37
64 67 70 52 54 57 60

4 3 4

3	20 11 4
3	6 3 1
2	12 19
3	23 15 5

3	41 42 26
3	33 29 36
3	25 38 35

4	65 68 46 58
3	55 63 44
3	64 50 47
3	52 69 51

2 1 2
166

97 71
22 23
54 86

16 14 13
 7  8 13
23 22 11
58 13  9
46 18 12
23 26  8
32 85  9
69 90  9
40  4  9
85 75 13
45 62 12
 8 60 12
 2 34 13
18 48  9
42 14 10
57  7 12
11 46  8
99 66 13
 4 47 13
64 44  8
 7 36 10
92 63 11
39 15  8
92 25 12
42 68  8
58 11  6
31 19  8
18 57  7
50 51  5
33  2  8
62 97  7
 6  5  5
39 41  7
 3 67  5
45 53  8
55 48  7
14 68  5
57 67  8
28 59  6
84 79  5
51 24  6
50 22  6
61 40  7
 9 62  8
52 36 10
28 90  8
88 15 10
64 25  9
27 56 12
92 22 12
57 57 12
58 71 12
80 59  9
75 67 10
 3 35 10
50 89 10
89 67 10
50 80  9
73 21 10
65 26  8
77  6 12
21 67 12
16 30 10
91 33 10
37 83  8
94 77  8
28 11 10
36 93  8
52 66 11
84  2 10