3

20 20 10

4 4 2 

1 12 17 15
34 26 28 22
48 42

3 3 1

2	7 12
3	8 5 11
2	4 2

3	33 36 34
2	35 21
2	32 30

2	47 42

2 2 1
117

 1 53
78 86
 7 71

38 50 10
13 58 11
73  4  7
10 69 10
76 25  9
 6 44  8
80 77 11
65 27  7
17 53  9
 2 81  7
77 42  7
72 83  7
 7 16 11
26 65  7
51 69 10
21 26  8
19 99 10
85 88  7
12  8 11
29 27  8
30 26 10
15 23 10
51 10 11
69 68  8
88 24  9
88 28  8
95 38  8
97 58 10
87 84  9
14 39  7
10  9 10
 8 33 11
64 35  7
62 11  8
23 24  9
58 16  7
 2 88  9
 1 26 11
61 72 10
82 93 11
 9 75  8
89 63  9
14 47  9
48 33 11
73 89 10
31 24 11
72 56 10
 4 66 11
71 78  7
22  4 10