2

30 20

6 3 

16 3 6 23 25 11
32 38 47

2 1

5	11 29 3 21 9
5	7 14 13 8 15

3	45 46 38

1 1
163

28 59
51 29

49 27 3
97 72 4
12 52 3
34 29 4
95 25 4
 5 92 3
71 47 3
71 63 3
23 14 4
 6 72 5
 3 37 5
96  1 4
72 59 5
69 44 3
79 65 3
36 20 5
93 59 5
92 46 4
27 84 5
91  2 5
 7 62 4
21 10 3
44 30 3
32 53 4
50 44 4
86 88 4
42 33 5
65 20 3
 7 48 3
20 70 4
 3 93 7
80  7 8
31 66 6
36 37 7
27 85 6
61 37 5
67 45 8
77 54 5
97 79 8
68  5 8
 3 87 6
11 44 8
52 20 7
 1 97 5
94 38 7
94 31 6
95 63 5
 1 45 7
12 44 5
31 36 8