3

15 15 20

3 3 4 

9 11 15
18 21 22
42 31 46 39

2 2 3

3	4 2 10
2	9 6

3	23 21 20
2	22 16

3	44 33 46
3	42 47 49
3	40 45 39

1 1 1
117

 1 53
78 86
 7 71

38 50 4
13 58 7
73  4 7
10 69 4
76 25 7
 6 44 6
80 77 5
65 27 4
17 53 6
 2 81 4
77 42 4
72 83 4
 7 16 4
26 65 7
51 69 5
21 26 7
19 99 4
85 88 5
12  8 7
29 27 7
30 26 5
15 23 6
51 10 5
69 68 5
88 24 7
88 28 6
95 38 4
97 58 7
87 84 4
14 39 5
10  9 5
 8 33 5
64 35 4
62 11 3
23 24 5
58 16 4
 2 88 5
 1 26 5
61 72 5
82 93 4
 9 75 5
89 63 5
14 47 3
48 33 4
73 89 4
31 24 5
72 56 4
 4 66 5
71 78 4
22  4 5