3

29 24 17

8 6 4 

2 8 10 17 21 22 24 29
34 36 38 41 44 30
64 54 58 70

5 4 3

4	9 14 17 13
4	10 8 3 22
4	4 19 20 23
3	6 5 21
3	26 24 11

3	48 38 37
3	34 40 45
3	30 36 43
3	42 44 41

3	65 61 63
3	70 54 59
3	56 62 66

2 2 1
158

91 10
84  7
 3 40

71 37  7
92 64 10
 8 75  9
38 89  6
57  1  7
51  2 10
66 34  8
13 53  6
72 73  8
20 58  8
32 35  7
75 15 10
56 79 10
84 72  6
60 57  9
92 78  6
74 87  8
97 85  8
50 83  7
54 92  7
74 13  8
 9 91  7
53 74 10
31 28  8
80  1  8
15 22  9
93 95  7
59 33 10
75 52  7
23 51 11
 4 21 11
92 42 12
72 79  8
56 56  9
84 48 12
29 44  9
14 92 12
38 77 12
83 30  8
51 46  8
80  8 11
68 11 12
31 62 10
61 20  8
45 69  9
47 26  9
88 62 11
44 99 11
36 17  8
99 89 11
32 62 13
83 52 10
 6 89 12
81 42  9
66 59  8
 8 22  7
93 32  6
42 96  6
96 44  7
89 69  9
94 17  7
26  4  9
84 16  6
59 80  9
99  5  7
71  7  6
58 95  9
58 67  9
84 86  7
86 52  7