3

19 10 11

3 2 2 

3 12 6
24 29
33 39

3 1 2

3	2 9 14
3	11 13 12
3	5 19 15

2	26 24

2	37 30
2	38 33

2 1 1
107

62 19
71 85
98 91

41 51 11
16  5  7
73 91 11
23 64  8
44 80 10
83 50 10
76 40 11
 8 47  9
35  9 11
50 51 10
96 16 11
76  9  9
86 18  7
48 23  7
64 74  9
32 58 10
91 91  9
21 63 10
38 84 10
40 97 10
68 44  7
 5 33 10
43 27  7
52  9  7
39 77  7
34 11  6
59 41  7
68 35  8
70 61  7
89 10  7
69 71  8
47 87  7
71 71  9
96 20  9
84 57  8
32 83  8
67  2  8
81 69  9
53 41  7
77 82  9