2

32 18

5 3 

1 17 23 13 31
40 34 47

1 1

5	31 19 13 22 16

3	43 48 35

1 1
117

 1  7
78 53

38 50 2
13 58 3
73  4 3
10 69 2
76 25 3
 6 44 3
80 77 2
65 27 2
17 53 3
 2 81 2
77 42 2
72 83 2
 7 16 2
26 65 3
51 69 2
21 26 3
19 99 2
85 88 2
12  8 3
29 27 3
30 26 2
15 23 3
51 10 2
69 68 2
88 24 3
88 28 3
95 38 2
97 58 3
87 84 2
14 39 2
10  9 3
 8 33 2
64 35 6
62 11 5
23 24 6
58 16 6
 2 88 6
 1 26 5
61 72 6
82 93 6
 9 75 4
89 63 5
14 47 5
48 33 6
73 89 5
31 24 6
72 56 5
 4 66 6
71 78 4
22  4 5