3

19 17 14

3 3 2 

3 12 6
33 29 30
40 44

3 2 2

3	1 13 9
3	6 18 16
3	11 2 4

3	20 36 23
3	30 26 31

2	49 41
2	44 38

1 1 1
134

51 83
79 39
36 63

48  9 4
61 92 7
39 47 5
84 68 5
11 27 4
51 70 5
 4 92 7
87 28 5
24 17 5
16 86 5
82 93 6
 6 87 6
65 20 5
10 48 5
93 69 6
43 89 6
 5 52 4
52 88 6
51 48 4
93  9 4
36 17 4
79 94 5
90 33 6
 9  7 6
80 92 6
 8 81 4
70 23 6
97 47 7
57 10 4
16 57 5
 4 94 7
95 90 6
40 94 4
52 99 7
95 77 5
99 28 6
51 80 8
47 12 9
10 60 8
25 16 6
25 78 6
 2 52 9
18 35 7
55  8 6
17 94 6
42 83 6
21 96 7
32 81 6
25 78 8
68 45 8