2

28 22

5 3 

17 6 7 11 13
49 42 36

1 2

4	21 28 15 7

3	49 42 47
4	30 35 43 45

1 1
107

81 71
41 75

41 16 2
16  9 2
73 18 3
23 23 3
44 74 3
83 58 3
76 91 3
 8 63 2
35 84 2
50 97 3
96 44 3
76 33 3
86 27 3
48  9 3
64 77 2
32 11 2
91 41 2
21 35 2
38 61 2
40 10 2
68 71 3
 5 87 2
43 71 2
52 20 3
39 57 2
34 83 3
59  2 3
68 69 3
70 41 4
89 82 3
69 62 3
47 71 3
71 98 2
96 19 3
84 85 4
32 91 4
67 88 3
81 23 4
53 44 4
77 53 2
51 75 3
 5 73 3
91 91 3
64 92 4
80 97 4
50 17 3
40 56 4
47 22 3
 9 44 3
51 94 3