2

31 9

7 2 

1 5 12 13 17 22 31
37 39

7 2

3	16 1 21
3	15 25 26
3	29 31 22
4	28 6 17 14
3	2 10 4
3	18 5 12
3	8 11 23

1	32
1	33

3 1
160

44 44
33 19

76 60 12
28 90 15
 7 60 13
 3 89 15
 4 80 14
68 26 11
77 98 14
49 57 10
23  5 15
50 97 14
53 69 11
 6 66 13
14 45 12
90 38 11
35 76 12
76 69 11
75 54 10
 1 76 14
77 54 11
14 48 10
83 61 14
90 97 15
36 43 12
63 71 15
36 71 13
34 68 10
31  3 10
64 29 10
97 75 15
19 59 14
87 60 11
51 85 11
81 55 14
85 56 14
 7 85 11
74 98 16
46 21 14
31 30 12
33 70 15
28 52 13