3

11 15 24

2 3 5 

9 7
16 19 23
34 38 42 43 31

2 2 4

2	9 5
2	3 6

2	25 22
2	12 26

4	41 49 48 46
4	42 39 30 43
4	32 35 28 34
3	36 27 50

1 1 1
134

51 83
79 39
36 63

48  9 12
61 92  8
39 47 11
84 68  9
11 27  9
51 70 12
 4 92 12
87 28  8
24 17  9
16 86 11
82 93 12
 6 87  6
65 20  6
10 48  6
93 69  7
43 89  7
 5 52  6
52 88  6
51 48  7
93  9  7
36 17  5
79 94  7
90 33  5
 9  7  5
80 92  5
 8 81  6
70 23  5
97 47  4
57 10  4
16 57  4
 4 94  5
95 90  5
40 94  3
52 99  4
95 77  4
99 28  5
51 80  3
47 12  3
10 60  5
25 16  4
25 78  5
 2 52  4
18 35  5
55  8  5
17 94  3
42 83  4
21 96  3
32 81  4
25 78  4
68 45  4