3

10 48 12

2 11 2 

9 6
34 35 40 41 12 14 18 52 21 56 26
67 60

1 9 2

2	7 8

4	21 40 39 57
3	48 15 37
4	58 12 20 47
4	25 41 45 24
4	31 51 27 19
4	42 52 49 29
3	16 38 26
4	55 23 56 44
4	17 18 22 13

2	62 65
2	64 66

1 3 1
179

95 58
15 20
67 65

79 17 15
62  6 12
17 35 11
74 46 16
 9 60 12
63 25 14
28 14 13
31 32 12
81 33 17
 8 77 17
77 45 10
16  6  8
54 15  7
81 48  8
28 95 11
45 83 11
78  1 10
76  8  8
66 87  8
48 17  7
31 65  7
85  9  8
87 91  8
19 45  8
10 38  8
42 95  9
63 76  9
 2  6  8
83 23 11
17 53  8
79 70  8
 6 83  8
59 61 10
 1 92  9
81 30  7
 5 89  9
37 98 10
52 93  8
28 80  8
32 71  9
 3 36  7
69 21  9
39 50  9
84 73 11
20 33 11
19 83  7
 8 14 11
31 93  9
63 19  7
12 53  9
68 82  9
66 23  9
56 59 10
 4 84  9
92 93  8
79 84 10
28 50 10
30  5  8
34 83  9
90 37 11
86 42  9
 8 21 14
17 33 11
95 11 12
15 32  9
91 16 13
32 23 12
10 71 11
39 10 12
48 64 13