3

20 18 12

5 4 3 

16 18 3 5 12
24 27 29 22
48 49 44

3 3 2

3	7 6 19
3	3 4 15
3	14 11 18

3	24 27 33
3	22 37 35
3	23 30 25

2	48 44
2	42 45

2 2 1
130

85 77
11 69
81 45

25 64 12
 4 38 11
57 57 11
73 57 13
 1 72  9
22 38  9
20 47 13
75 34  9
42  2 12
11 86 11
22 75 13
39 92  8
97 17 13
21 81  8
45 33  9
94 17 12
40 19  8
15 76 10
27 56  8
82 97 10
91 96 12
23 14 13
67 38 14
 3 31 12
64 49 14
61 62 12
 2 34 12
52 53 14
91  3 13
70 29 12
98 37 10
30 91 11
25 45  9
63 49  9
 8 60 10
44 75 12
34 55 10
80 92 11
49 22  9
38 57  8
21 40  9
95 30 10
50 33  9
22 49 10
79 10  8
29 34 10
55 61 10
 1 89  9
65 56 10
19 12  7