3

10 20 10

2 4 2 

3 4
16 18 30 15
32 39

2 4 2

2	3 2
2	9 7

3	12 15 11
3	26 20 22
3	14 13 24
3	27 30 21

2	40 32
2	35 37

1 2 1
133

27 23
54 98
37 68

83 25  9
49 46 13
75 72 10
17  8  8
99  7 11
26 80  9
59 87 13
27 39 12
67 84  8
47 11 10
55 25  9
78 23  8
75 62 10
74 63 11
76 37 13
53 95 11
 3 20  9
33  6 10
20  1 10
22 86  9
20 48 11
12 90 12
87 46 12
76 42 11
 2  3 13
19 82 10
25 29 11
29 60 13
12 73 10
41 38 13
77 14  8
59 48 10
23  6 12
35 60 13
53 26 10
 6 66 13
52 17 11
89 27 12
86 72 12
50 60 13